y(k-1)	y(k-2)	y(k-3)	y(k)
0	0	0	42
42	0	0	41
41	42	0	39
39	41	42	37
37	39	41	36
36	37	39	38
38	36	37	39
39	38	36	39
39	39	38	40
40	39	39	39
39	40	39	40
40	39	40	41
41	40	39	41
41	41	40	39
39	41	41	38
38	39	41	40
40	38	39	41
41	40	38	39
39	41	40	38
38	39	41	41
41	38	39	45
45	41	38	43
43	45	41	43
43	43	45	42
42	43	43	45
45	42	43	53
53	45	42	46
46	53	45	44
44	46	53	52
52	44	46	144
144	52	44	204
204	144	52	181
181	204	144	177
177	181	204	170
170	177	181	165
165	170	177	163
163	165	170	153
153	163	165	148
148	153	163	139
139	148	153	143
143	139	148	150
150	143	139	154
154	150	143	158
158	154	150	160
160	158	154	146
146	160	158	138
138	146	160	139
139	138	146	140
140	139	138	139
139	140	139	137
137	139	140	131
131	137	139	129
129	131	137	123
123	129	131	115
115	123	129	117
117	115	123	119
119	117	115	112
112	119	117	109
109	112	119	107
107	109	112	110
110	107	109	102
102	110	107	109
109	102	110	134
134	109	102	126
126	134	109	123
123	126	134	137
137	123	126	157
157	137	123	178
178	157	137	192
192	178	157	199
199	192	178	200
200	199	192	188
188	200	199	177
177	188	200	163
163	177	188	153
153	163	177	144
144	153	163	134
134	144	153	134
134	134	144	133
133	134	134	130
130	133	134	132
132	130	133	133
133	132	130	132
132	133	132	133
133	132	133	133
133	133	132	132
132	133	133	133
133	132	133	133
133	133	132	126
126	133	133	118
118	126	133	110
110	118	126	111
111	110	118	114
114	111	110	117
117	114	111	117
117	117	114	116
116	117	117	118
118	116	117	121
121	118	116	112
112	121	118	102
102	112	121	95
95	102	112	91
91	95	102	91
91	91	95	92
92	91	91	94
94	92	91	96
96	94	92	98
98	96	94	97
97	98	96	91
91	97	98	93
93	91	97	91
91	93	91	89
89	91	93	85
85	89	91	86
86	85	89	87
87	86	85	82
82	87	86	86
86	82	87	94
94	86	82	92
92	94	86	89
89	92	94	85
85	89	92	80
80	85	89	80
80	80	85	73
73	80	80	71
71	73	80	76
76	71	73	87
87	76	71	92
92	87	76	84
84	92	87	74
74	84	92	68
68	74	84	71
71	68	74	72
72	71	68	68
68	72	71	72
72	68	72	79
79	72	68	85
85	79	72	88
88	85	79	89
89	88	85	93
93	89	88	97
97	93	89	97
97	97	93	92
92	97	97	86
86	92	97	85
85	86	92	84
84	85	86	89
89	84	85	85
85	89	84	77
77	85	89	67
67	77	85	60
60	67	77	63
63	60	67	64
64	63	60	67
67	64	63	70
70	67	64	68
68	70	67	60
60	68	70	66
66	60	68	72
72	66	60	75
75	72	66	80
80	75	72	80
80	80	75	77
77	80	80	74
74	77	80	69
69	74	77	60
60	69	74	56
56	60	69	48
48	56	60	46
46	48	56	52
52	46	48	56
56	52	46	56
56	56	52	56
56	56	56	57
57	56	56	62
62	57	56	64
64	62	57	60
60	64	62	56
56	60	64	53
53	56	60	47
47	53	56	51
51	47	53	48
48	51	47	45
45	48	51	56
56	45	48	49
49	56	45	51
51	49	56	50
50	51	49	57
57	50	51	62
62	57	50	65
65	62	57	66
66	65	62	64
64	66	65	64
64	64	66	61
61	64	64	56
56	61	64	48
48	56	61	44
44	48	56	42
42	44	48	38
38	42	44	38
38	38	42	38
38	38	38	38
38	38	38	41
41	38	38	41
41	41	38	38
38	41	41	37
37	38	41	37
37	37	38	34
34	37	37	32
32	34	37	32
32	32	34	31
31	32	32	31
31	31	32	32
32	31	31	33
33	32	31	32
32	33	32	34
34	32	33	33
33	34	32	33
33	33	34	33
33	33	33	34
34	33	33	32
32	34	33	32
32	32	34	31
31	32	32	31
31	31	32	31
31	31	31	31
31	31	31	30
30	31	31	31
31	30	31	33
33	31	30	32
32	33	31	31
31	32	33	31
31	31	32	32
32	31	31	31
31	32	31	30
30	31	32	27
27	30	31	27
27	27	30	28
28	27	27	30
30	28	27	31
31	30	28	33
33	31	30	28
28	33	31	25
25	28	33	25
25	25	28	25
25	25	25	24
24	25	25	25
25	24	25	27
27	25	24	32
32	27	25	29
29	32	27	28
28	29	32	31
31	28	29	33
33	31	28	32
32	33	31	31
31	32	33	64
64	31	32	403
403	64	31	122
122	403	64	94
94	122	403	98
98	94	122	103
103	98	94	120
120	103	98	83
83	120	103	31
31	83	120	31
31	31	83	31
31	31	31	32
32	31	31	30
30	32	31	31
31	30	32	31
31	31	30	33
33	31	31	31
31	33	31	32
32	31	33	33
33	32	31	32
32	33	32	36
36	32	33	58
58	36	32	146
146	58	36	112
112	146	58	79
79	112	146	76
76	79	112	135
135	76	79	80
80	135	76	148
148	80	135	64
64	148	80	59
59	64	148	56
56	59	64	89
89	56	59	56
56	89	56	115
115	56	89	130
130	115	56	210
210	130	115	237
237	210	130	238
238	237	210	684
684	238	237	327
327	684	238	666
666	327	684	345
345	666	327	326
326	345	666	455
455	326	345	289
289	455	326	255
255	289	455	239
239	255	289	154
154	239	255	114
114	154	239	321
321	114	154	250
250	321	114	1030
1030	250	321	1650
1650	1030	250	2440
2440	1650	1030	1920
1920	2440	1650	1040
1040	1920	2440	698
698	1040	1920	514
514	698	1040	623
623	514	698	713
713	623	514	592
592	713	623	458
458	592	713	445
445	458	592	373
373	445	458	294
294	373	445	250
250	294	373	213
213	250	294	252
252	213	250	202
202	252	213	176
176	202	252	146
146	176	202	158
158	146	176	133
133	158	146	122
122	133	158	113
113	122	133	165
165	113	122	147
147	165	113	132
132	147	165	125
125	132	147	114
114	125	132	118
118	114	125	140
140	118	114	153
153	140	118	164
164	153	140	146
146	164	153	131
131	146	164	116
116	131	146	106
106	116	131	92
92	106	116	81
81	92	106	77
77	81	92	75
75	77	81	101
101	75	77	94
94	101	75	121
121	94	101	162
162	121	94	175
175	162	121	240
240	175	162	332
332	240	175	331
331	332	240	292
292	331	332	261
261	292	331	260
260	261	292	223
223	260	261	203
203	223	260	180
180	203	223	159
159	180	203	142
142	159	180	133
